1 8
1 9
1 22
1 40
2 4
2 26
2 29
2 42
3 16
3 22
3 23
3 34
3 40
3 41
4 26
4 35
5 14
5 25
5 29
5 34
5 42
5 48
6 19
6 30
6 37
7 18
7 28
7 36
8 9
9 31
9 38
9 40
10 24
10 26
10 35
10 42
10 45
10 48
11 12
11 13
11 15
11 23
11 47
12 15
12 20
12 33
13 21
13 23
13 25
13 39
13 47
14 23
14 25
14 34
15 23
15 33
15 40
15 44
15 46
16 22
16 41
17 27
18 36
18 44
18 46
19 27
19 30
19 37
19 43
20 33
20 47
21 32
21 39
21 47
22 40
23 25
23 34
23 40
24 32
24 39
24 48
25 39
25 48
26 35
26 42
27 43
28 30
28 36
29 34
29 41
30 36
30 43
31 38
31 40
31 44
32 39
33 36
33 46
34 41
35 45
36 46
39 48
40 44
42 48
44 46
