1 9
1 10
1 23
1 41
2 4
2 27
2 30
2 43
3 17
3 23
3 24
3 35
3 41
3 42
4 27
4 36
5 15
5 26
5 30
5 35
5 43
5 49
6 20
6 31
6 38
7 19
7 29
7 37
8 19
8 45
9 10
10 32
10 39
10 41
11 25
11 27
11 36
11 43
11 46
11 49
12 13
12 14
12 16
12 24
12 48
13 16
13 21
13 34
14 22
14 24
14 26
14 40
14 48
15 24
15 26
15 35
16 24
16 34
16 41
16 45
16 47
17 23
17 42
18 28
19 37
19 45
19 47
20 28
20 31
20 38
20 44
21 34
21 48
22 33
22 40
22 48
23 41
24 26
24 35
24 41
25 33
25 40
25 49
26 40
26 49
27 36
27 43
28 44
29 31
29 37
30 35
30 42
31 37
31 44
32 39
32 41
32 45
33 40
34 37
34 47
35 42
36 46
37 47
40 49
41 45
43 49
45 47
